3196 447
14
40
42
47
48
61
73
88
91
108
109
114
152
155
159
163
168
169
171
176
188
199
202
203
204
209
218
233
241
248
251
253
254
256
276
282
294
295
299
303
309
310
314
315
320
322
326
329
331
334
347
348
355
359
364
365
380
384
396
402
439
444
445
461
465
479
482
484
489
492
503
511
517
519
523
526
529
538
543
572
577
585
596
598
599
615
643
650
655
664
669
673
674
676
678
694
696
708
720
724
725
731
735
739
740
745
749
756
757
762
763
770
771
773
775
780
789
790
794
795
804
806
822
825
829
843
849
854
872
876
892
897
916
929
930
932
938
946
950
952
961
980
981
987
989
993
995
998
1001
1017
1025
1043
1046
1052
1059
1062
1073
1083
1091
1098
1103
1104
1115
1132
1143
1146
1162
1168
1172
1179
1188
1190
1199
1206
1217
1220
1222
1242
1263
1291
1295
1323
1329
1341
1342
1353
1360
1362
1369
1373
1376
1378
1383
1384
1395
1396
1418
1428
1429
1438
1447
1450
1457
1460
1466
1468
1485
1488
1491
1494
1496
1500
1504
1519
1531
1543
1544
1548
1552
1560
1562
1579
1585
1586
1591
1599
1616
1619
1623
1628
1630
1631
1651
1667
1669
1699
1702
1703
1710
1711
1717
1733
1749
1750
1758
1776
1778
1781
1783
1803
1806
1817
1822
1840
1842
1843
1848
1849
1852
1859
1860
1862
1869
1870
1875
1888
1896
1903
1905
1920
1932
1936
1938
1939
1941
1946
1951
1959
1960
1961
1962
1963
1965
1972
1981
1992
2000
2008
2010
2017
2024
2027
2028
2029
2031
2037
2046
2048
2050
2051
2053
2063
2080
2088
2095
2101
2109
2115
2118
2125
2126
2132
2145
2147
2157
2170
2171
2178
2180
2184
2186
2195
2204
2215
2224
2234
2248
2257
2263
2267
2268
2269
2272
2277
2280
2299
2302
2307
2315
2319
2359
2365
2366
2368
2370
2372
2395
2404
2407
2413
2418
2424
2434
2450
2460
2471
2480
2497
2498
2523
2527
2536
2539
2541
2542
2543
2544
2555
2557
2559
2561
2574
2579
2580
2590
2594
2596
2599
2602
2623
2631
2633
2636
2637
2639
2641
2642
2645
2667
2675
2692
2696
2697
2698
2706
2720
2734
2745
2763
2767
2783
2786
2790
2814
2829
2833
2839
2851
2855
2860
2867
2879
2880
2883
2884
2886
2888
2890
2901
2934
2943
2954
2960
2967
2968
2974
2979
2987
2992
2994
3012
3022
3040
3048
3067
3080
3095
3105
3109
3125
3152
3155
3169
3176
3185
3191
3193
